center_x = 11.82349967956543
center_y = -0.04600048065185547
center_z = 6.26099967956543
size_x = 18.172500610351562
size_y = 31.667999267578125
size_z = 29.963998794555664

num_modes = 20